%YAML:1.0
---
model_type: PINHOLE
camera_name: camera
image_width: 640
image_height: 480

distortion_parameters:
   k1: -0.04990937116565525
   k2: 0.04272647299129253
   p1:  -0.0003537428962222144
   p2:  0.0004901425090602046
projection_parameters:
   fx: 386.97569290945785
   fy: 387.08144412209026
   cx: 329.1282680395864
   cy: 240.96213818465299
